
[Cache] Loaded dataset from cache/precip_dataset_2001-2001_128_8760_10%.pkl

Progress: 0.023228803716608595 %
Progress: 5.017421602787456 %
Progress: 10.011614401858305 %
